9910
9710
3910
7060
22140
7120
6100
4390
7150
6560
4120
6830
9500
6000
6410
5590
4110
4890
3920
13920
4690
7020
13220
4880
8720
6260
8960
6210
16830
7170
26300
6690
12470
4110
4540
13480
6700
12790
6500
4740
4900
6330
9120
15620
6810
6750
3600
9540
8690
2840
9730
5590
6980
9770
3500
21060
14190
27510
9650
6520
7590
4660
6690
8180
4120
7440
21910
4910
25750
5040
6660
7440
15540
8980
12520
2000
12520
4080
20840
13680
6740
4430
6710
7170
4100
20510
7550
4470
6820
15120
9630
8650
14720
9660
5520
4140
3880
14400
2790
3630
